-622

sen ¹35³* 6, 25, 20, 3. 10, 46, 5, 49, 29.

6511111652, 30, 5, 3, 7, 28, 17, 23, 32, 33, 35, 13.

mwmwmmmwmmmwwfflw
23,17. ’

’5663611114 86, et ‘n 366 36, 7, 67, 20, 68, 26, 42, 2. 9.

ssu& 1651 ab mm (ap. solum Jes. quater, 6271164. p. 1429) 21, 6,

38, 2, 39, 18, 45, 5.
nmffiamstaemwaan

,11 4, 1, 15, 5, 16, 5, 22, 10, 31, 18, 48, 17. 27,49, 30, 50, 3. 8.

6516 pudore affectus est 2, 26, 6, 15, 8, 9. 12, 10, 14, 46, 24, 48, l.
20, 50, 2 0114), 51, 17. ’
18616117, 8, 9, 10, 2, 14, 4, 17, 18, 21, 13, 23, 4, 30,10, 46, 5. 27,
8, 1. 20. 39, 49, 37, 50, 2 (bis). 36, 51, 55.

am, 13. 20. 30, 5, 6, 6, 26, 9, 18, 10,20,12,12, 15, 8, 25, 36,
47, 416161, 48, 1. 8. 15. 18. 2032, 49, 10. 28, 51, 48. 5355. 56.

615115 6, 24, 49, 24, 50, 43, cf, 13, 21, 22, 23, 30, 6, mn 61514 48,
41, 49, 20.

’614 18, 17, 46, 21, 48, 16, 49, 8, 32·

 

